18
0 3 1 1 100 100 100 100 100 100 100 100 100 100 100 100 100 100 
3 0 1 100 1 100 100 100 100 4 100 100 100 100 100 100 100 100
1 1 0 1 2 1 100 100 100 100 100 100 100 100 100 100 100 100  
1 100 1 0 100 2 2 1 100 100 100 100 100 100 100 100 100 100 
100 1 2 100 0 1 100 100 100 1 100 100 100 100 100 100 100 100
100 100 1 2 1 0 1 100 100 3 1 100 3 100 100 100 100 100
100 100 100 2 100 1 0 1 2 100 100 100 2 4 3 100 100 100
100 100 100 1 100 100 1 0 1 100 100 100 100 100 100 100 100 100
100 100 100 100 100 100 2 1 0 100 100 100 100 100 1 3 100 100  
100 4 100 100 1 3 100 100 100 0 1 1 100 100 100 100 100 100
100 100 100 100 100 1 100 100 100 1 0 1 2 100 100 100 100 100
100 100 100 100 100 100 100 100 100 1 1 0 100 100 100 100 1 100
100 100 100 100 100 3 2 100 100 100 2 100 0 2 100 100 1 100
100 100 100 100 100 100 4 100 100 100 100 100 2 0 1 2 2 1
100 100 100 100 100 100 3 100 1 100 100 100 100 1 0 1 100 100
100 100 100 100 100 100 100 100 3 100 100 100 100 2 1 0 100 4
100 100 100 100 100 100 100 100 100 100 100 1 1 2 100 100 0 1
100 100 100 100 100 100 100 100 100 100 100 100 100 1 100 4 1 0
8
0 2 4 7 12 13 14 17
3
2 4 14 13 13 17
12